LOTTO Gewinnzahlen Zz  Lottosechser (Euro) Land
01 02 0405 13 22 30 1x 100000000 NO | 367203 Jackpot | 2408 |
04 05 13 26 38 43 24 Jackpot 658667 3x 61599.80
12 17 26 27 2939 13 3x 3334522.10 uy | 862784 1x 965 097.90
0405 12 15 35 43 44 Jackpot 955381 2x 92966.20
07 11 22 35 43 44 10 1x 332169110 mT
01 04 08 12 23 24 21 1x 188425230 w | 791695 5x 49577.20
05 09 19 24 34 43 41 Jackpot 589832 1x 195 292.20
14 21 25 37 38 43 (01 Jackpot 2429

05 06 1419 2831 35 4x 48063840 Egy) 007808 Jackpot | 2430

06 13 22 26 33.44 02 2x 50000000 Ml | 444826 = — Jackpot | 2431

Mi 01.07.2015 | 22 23 26 30 35 42 19 Jackpot 173636 1x 545 283.40 | 2432

16 20 25 27 35 36 26 Jackpot 913368 1x 211 287.90
01 04 08 11 38:39 «16 «1x 306224640 (NO | 577542 3x 68 266.30

(c)www .6richtige.at

