LOTTO Gewinnzahlen Zz  Lottosechser (Euro) Land
03 05 16 36 37 42 38 1x 181105350 (MBgld.| 938057 1x 16868260
02 12 30 3139 44 11 1x 82451470 Web
091112 14 15 43 19 1x 68203440 b Web| 910021 1x 138 440.00
12 1415 18 25 28 04 Jackpot 848321 2x 97 831.30
05 10 25 32 37 45 15 2x 98541230 YW, | 391529 1x 178641.00
07 141719 23 42 06 1x  748543.20 w | 710316 2x  99638.80
07 089 13 24 35 40 31 1x 1874186.20 (BNO | 442396 = Jackpot | 1895 _
12 24 25 27 3031 06 1x 179077560 §) Kin. | 487297 2x 128091.70
10 20 31 39 4143 11 «1x 66183030 (BNO | 017161 ~~ Jackpot | 12898
10 15 17 24 37 38 30 Jackpot 953326 2x 170061.20
02 07 20 22 2328 10 2x 150606130 yp | 005111 = Jackpot | 1901.
04.1017 25 35 42 06 1x 74182090 MT | 231498 1x 415 278.00
04 07 17 29 32 37 «15 Jackpot 615606 1x 184155.30
01 06 14.18 28 31 03 1x 3037596.30 w
03 23 29 33 34 39 26 Jackpot 563804 1x 130767.30
11.17 35 39 40 42 27 1x 174436630 MT | 656558 3x 74028.90
01031235 4043 21 2x 9859892400 (yy | 034532 2x 17991460 | 1909
[so 04072010 | 05 08 18 19203231 1x 171413850 WOO | a7asn6 Jackpot | 1911 |

(c)www .6richtige.at

