LOTTO Gewinnzahlen Zz  Lottosechser (Euro) Land
02 03 13 30 35 40 20 1x 219680000 (NO | 035330 2x 9653440
02 10 12 22 25 34 42 1x 2183898.50 Whvbg.| 790300 4x  48596.90
05 25 31 36 4143 45 1x 100000000 b Web
0115 24 33 34 44 43 1x 1000000.00 w | 302725 1x 337 938.40
03 04 13 16 19 43 06 Jackpot 365557 4x 49 411.60
13 16 18 29 39 45 20 Jackpot 341446 1x 175 117.00
04 12 22 24 37 42 44 Jackpot 359019 2x 134131.10
0411 18 30 42 43° 31 1x 553051680 Whvbg.| 755494 1x 269542.90
0113 24 30 36 38 19 2x 196444450 (HM | 494600 1x 26985190
10 13 31 39 44 45 29 Jackpot 457450 2x 71 133.60
03 23 25 26 28 44 38 Jackpot 201405 2x 120 540.30
01 03 09 39 42 43 22 Jackpot 037713 1x 136 840.20

(c)www .6richtige.at

