LOTTO Gewinnzahlen 7z Lottosechser (Euro) Land
01 11 22 36 42 43 31 Jackpot 602544 3x 180003.20
03 08 15 26 33 44 30 2x 1899998650 § yy | 939084 3x 125750.30
02040513 2023 10 1x  962376.50 NO | 752924 Jackpot | 1053 |
0118 21 22 2639 19 1x 81271430 (NO | 275780 2x 257 065.90
08 16 19 24 3444 05 3x 31917130 MeRw| 073098 3x 9221440
05 08 1113 22 28 42 2x 103197870 yp | 197053 3x 182799.70
13.1419 21 2833 11 1x 199396150 MT
03 05 27 31 39 42 15 Jackpot 766642 3x 186 303.40
08 1216 39 42 43 18 3x 67640130 (R9H,| 168130 1x 30411660
08 10 19 21 27 34 02 2x 103648330 MF 329820 2x 264196.80
08 11 23 29 31 33 10 Jackpot 224 214 85 524.10
05 07 14.27 36 40 18 1x 207395110 (% Sbg.| 403970 3x 295723.80
14 15 20 33 36 44 30 Jackpot 006735 1x 326 431.10
02 04 10 24 36 39 «44 «43x 2023999.60 inp | 823947 3x 164657.30
[wi 19.08.2002 | 08 09 20 28 37 3805 ax 35790200 EM) | 980820 dacinat | 1072
04 12 37 40 42 45 25 Jackpot 906979 2x 118 963.30

(c)www .6richtige.at

