LOTTO Gewinnzahlen Zz Lottosechser (Euro) Land
05 08 19 23 36 39 03 «1x 510070270 w
Mi 15.01.2020 | 09 11 16 26 3141 34 1x 374359690 &Ystmk 965700 1x 493840.70
rwi 29.01.2020 [03 11 23 29 39 44 28 dx 165220010 QP | 923779 Jackpot | 2910.
06 07 09 20 28 30 40 1x 100000000 (g)00 | 433035 1x 429 350.00
04 05 20 22 31 39 38 Jackpot 886104 3x 82126.30
06 08 18 33 42 45 29 Jackpot 221699 2x 156 601.50
03 06 11 16 25 43 01 3x 3067178.20 MOMNY| 155378 2x 18275290
11 14 20 37 38 41 13 1x 1000000.00  ( Bold
04 10 12 31 34 44 32 1x 1000000.00 w | 269293 2x 189881.20
03101318 2636 09 2x 50000000 i) MW | 089183 1x 20046420
15 29 31 42 44 45 10 Jackpot 912844 1x 173919.00
02 14 26 30 38 39 «18 Jackpot 970184 1x 201176.20
0416 17 20 25 43 19 Jackpot 289555 2x 90 191.80
05 09 20 21 26 42 27 1x 2931998.60 MM Bgld.| 885076 1x 169846.30
04 09 12 17 32 43 38 Jackpot 828010 1x 150 238.90
[so 29.032020 [03 04 06 3036 39 05 1x 206455380 JOO | es5278 Jackpot | 2920

(c)www .6richtige.at

