LOTTO Gewinnzahlen Zz  Lottosechser (Euro) Land
0205131519 26 43 1x 383467430 (l)00 | 426237 3x 22957110 | 1991 |
07 09 18 22 31 44 24 1x 1000000.00 w
04 16 21 22 29 42 32 Jackpot 057922 2x 184325.90
02 05 14 20 33 43 30 1x 367336250 gi)00 | 991247 2x 135857.90
[so 01052011 | 15 24 25 32 3841 28 1x 206099010 GOO | s19ez3 ——_—dacipat | 1997
04 10 21 37 4043 20 1x 100000000 NO | 983263 = —— Jackpot | 1998
rai thos2011 [04 06 24 26 28 4225 1x 201372030 WJNO | 740523 Jackpot | 2000.
02 18 21 22 29 40 37 Jackpot 318969 2x 228 634.10
05 09 24 25 3145 18 1x 202640360 MT | 809087 1x 201 869.80
02 17 24 33 38 43 28 Jackpot 167980 2x  95378.90
04 06 08 11 38 43 40 Jackpot 261126 1x 265719.20
08151618 2129 11 14x 7415771780 MAT | 519267 6x  53735.10
06 15 21 34 38 42 08 1x 100000000 @MBgld.| 694942 2x 84156.80
09 1115 17 3043 01 14x 197041300 § kin. | 175519 = Jackpot | 2010 |
08 16 19 26 35 40 37 1x 1000000.00 (& Bold
1417 27 32 34.41 O07 2x 50000000 MR | 436580 = Jackpot | 2012
10 22 25 31 36 39 26 Jackpot 240189 2x 151 686.50
05 06 17 22 24 35 45 Jackpot 912492 4x 79436.70

(c)www .6richtige.at

