LOTTO Gewinnzahlen 7z Lottosechser (Euro) Land
04 07 11:19 28 33 31 4x —479:116.20 GWMype| 043956 92x 112 137.40
1116 20 30 34.38 09 2x 34993040 (gl wp | 677862 Jackpot | 1706 |
09 1718 22 38 39 42 1x 96252590 ([% Sbo.| 691196 1x 32643870
12 18 24 28 35 38 40 1x 3202173.50 w | 956811 1x 449 906.40
04 10 22 27 32 38 15 Jackpot 255379 1x 195230.80
03 22 26 35 37 38 14 2x 164594660 § MM, | 7679838 1x 25059340
01 07 14 43 44 45 16 Jackpot 915489 2x 69128.30
05 07 10 20 25 28 13 1x 187931680 (% Sbg.| 282278 2x 13180200
16.17 38 40 4445 23 2x 93075230 § Mp | 623719 Jackpot | 1723
02 12 21 24 3236 34 1x 708 374.80 W
0105 1415 36 43 24 1x 86765370 w
03 06 13 14 27 39 04 1x 1885691.50 w | 087922 1x 29935230
02 19 25 26 33 40 22 Jackpot 955908 1x 135 250.30
09 10 20 34 38 40 17 3x 62494640 Hayy

(c)www .6richtige.at

