LOTTO Gewinnzahlen Zz  Lottosechser (Euro) Land
09 14 17 23 26 32 33 Jackpot 105466 1x 185495.20
03 04 25 36 40 45 18 1x 1484453.80 Ww
06 08 13 32 39 45 28 Jackpot 916042 1x 184 203.90
06 16 17 34 38 40 28 Jackpot 593322 3x 7470270
0209 10 19 29 40 03 Jackpot 534359 2x 134326.90
04 27 33 34 41 45 42 Jackpot 842499 1x 271 385.30
02 15 23 28 3334 19 1x 655261470 [g}0O | 012932 3x 110245.20
0309 1518 26 29 28 1x 152706910 WW) vbg.
02 07 17 23 39 43 18 1x 1000000.00 Ww
04 09 20 22 32 37 «39 Jackpot 859829 2x 299180.90
08 11 16 33 38 45 42 1x 1000000.00 w | 220997 1x 202548.80
06 27 32 33 38 40 21 Jackpot 422540 1x 462 294.50
[so 29.12.2019 [03 20 22 27 3133 38 ——~Jackyot—~=«ditCOnt tes 1x 2366830 | 2001

(c)www .6richtige.at

