LOTTO Gewinnzahlen 7z Lottosechser (Euro) Land
06 14 26 34 40 41 32 1x  608593.40 w | 742523 1x 172342.20
05 19 24 40 43 45 39 Jackpot 331749 1x 246 569.20
20 21 32 34 42 45 O01 1x 167682090 §Ktn | 462775 4x 6021370
061518 23 36 44 03 1x 72556100 MT | 362518 2x 129277.20
02 04.05 11 29 45 36 2x 296 252.30
16 31 33 38 40 45 18 2x 153197910 i | 214349 2x 182883.10
03.19 24 26 4043 25 2x 90559760 § EY | 390622 = Jackpot | 1661 |
07 16 29 31 38 39 19 1x 63001730 (NO | 404454 3x 18960860 | 1662 |
05 08 24 36 42 44 18 Jackpot 808699 1x 486 844.60
05 1418 28 36 38 42 3x 96912260 E9ygyp| 999368 1x 344049.60
06 07 17 20 29 45 18 1x 318634550 (l)00 | 851455 1x 626 267.20
02 05 13 31 35 37 34 1x 1752637.10 Web
04 07 09 23 27 28 14 1x 284572210 (R Sbo.| 365862 = Jackpot | 1674 |
ri 02042008 [02 03 15 19 2193 41 1x 178580030 G)OO | 7eas2e Jackpot | 1675.

(c)www .6richtige.at

