LOTTO Gewinnzahlen 7z Lottosechser (Euro) Land
01 20 21 26 40 45 38 Jackpot 256307 1x 304 352.40
051519 32 35 43 23 4x 68477290 EARFGAIM) 459032 1x 262775.80
02 06 12 17 34 41 15 Jackpot 480056 1x 236 387.40
03 05 09 12 3439 29 Jackpot 643158 2x 234945.80
ri 02.08.2006 [01 23 22 30 29 44 05 dx aaa een00 SOG) | 430737 1x 2354200
07091218 1935 01 1x 72347580 MpBgid| 679877 3x 78700.90
03 04.18 21 25 43 06 1x 59297060 (FF Sbg.| 406055 = Jackpot | 1504 |
03 10 18 28 42 43 37 1x 591143.00 §Ystmk| 160230 3x 206 984.40
13.21 23 28 37 39 (15 Jackpot 588821 3x 8049470
07 09 12 23 26 44 41 2x 794119.00 a
0419 24 39 40 43 13 1x 72379960 l)OO | 581021 1x 491 496.90
02 03 20 2133 45 29 2x 29484320 § a | 410303 1x 168121.30
01 14 23 25 3033 32 1x 63499220 &Ystmk| 786493 2x 218 986.70
04 06 21 36 40 44 39 1x 77509130 (l)OO | 058951 3x  88390.80
0205 11 23 2531 19 1x 62955590 9 stmk| 364028 2x 95 439.50
0410 1119 2842 17 1x 76712300 (NO | 412294 3x 989117.90
04 11 27 40 42 45 29 Jackpot 890532 3x 62 483.20
1415 18 31 3445 38 2x 92209910 pw | 176112 1x 318037.20
03 18 20 25 28 29 19 Jackpot 509746 4x = 42602.70
05 22 25 38 39 42 16 1x 161166300 MT | 617506 4x 7859740

(c)www .6richtige.at

