LOTTO Gewinnzahlen Zz  Lottosechser (Euro) Land
02 04 08 11 14.18 15 3x 62705070 (iayp| 951111 2x 89823.70
11 14 21 27 29 34 22 Jackpot 768385 2x 222 320.60
01 04 12 30 33.38 03 1x 514095910 MT | 989494 1x 277081.30
09 11 25 31 40 42 03 Jackpot 714168 1x 209 641.30
03 16 26 314145 42 2x 94915640 EP be | 585116 Jackpot | 1788 |
01091315 28 41 35 1x  9823079.00 [NO | 362456 2x 21032040
1418 25 30 3143 34 2x 93451400 I | 349679 1x 284877.90
09 13 29 33 41 44 «11 «1x 322261250 MT | 058924 2x 107 484.50
12 15 20 25 28 36 29 Jackpot 783028 1x 176709.10
10 27 30 34 37 44 09 2x 99837140 Bg | 4735605 1x 174577.50
08 27 3338 42 44 10 2x 41590240 i
03 24 28 32 39.45 20 2x 243462200 [pk | 759048 3x 171688.10
14 22 24 37 3839 «17 Jackpot 420468 4x 56 740.80

So 05.07.2009 | 04 07 08 33 40 43 03 Jackpot 891 495 Jackpot | 1807
Mi 08.07.2009 | 03 05 21 22 28 39 41 2x 960 590.00 ape. 870 420 1x 385 486.10 1808

(c)www .6richtige.at

