LOTTO Gewinnzahlen 7z Lottosechser (Euro) Land
05 18 31 34 42 45 09 Jackpot 782717 3x 73.763.50
Mi 07.01.2015 | 01 17 22 28 37 42 16 Jackpot
[so 11.04.2015 [02 08 13 16 25.39 38 3x 161530160 OWE) 131761 dacepot | 2399.
Mi 14.01.2015 | 09 13 24 28 33 40 18 Jackpot 174198 3x 154861.60
14 31 34 36 41 42 21 Jackpot 060566 2x 251 868.60
08 10 12 21 26 36 43 3x 247762010 (l@pyy| 020072 4x 7623490
03 05 23 28 30 45 35 Jackpot 909 301 99 961.20
Mi 04.02.2015 | 10 17 19 27 28 30 42 2x 1072726.00 Basa tacit TP a2a0
05 09 14 26 36 38 19 1x 3585579.60 w | 919396 5x 5113250
0405 08 18 26 42 28 1x 206553300 (§ Sbg.| 557421 1x 67512440
Mi 04.03.2015 | 04 20 22 28 32 38 43 Jackpot 789 598 93 606.50
eee ee 1a
254020 2x 347 390.70
07 10 18 21 3245 35 4x 9812599.70 QAM, 790059 1x 215 192.80
03 04 11 27 28 45 21 1x 1000000.00 w | 521785 1x 19613420
02 14 17 30 33 41 13 1x 100000000 )00 | 862743 4x 41060.00
04 14 18 20 28 33 02 Jackpot 182215 3x 6541460
07 10 16 21 23 28 18 1x 330974320 b Web| 338216 1x 249 245.50

(c)www .6richtige.at

