LOTTO Gewinnzahlen Zz Lottosechser (Euro) Land
01 06 07 08 34.35 43 Jackpot 290416 1x 355 947.00
06 15 36 40 43 44 29 1x 237041630 (BNO | 117058 1x 199632.60
07 11 25 35 36 38 30 1x 100000000 Web| 607224 2x 9644440
06 24 32 33 39 45 25 2x 179118950 RY | 203415 2x 45606290 | 3326,
01 16 30 31 38 39 24 «1x 249347230 JOO | 138596 = Jackpot | 3333 |
01151619 3135 11 1x 100000000 g)o6 | 643003 Jackpot | 3334 |
[so 05.14.2023 | 08 14 16 19 29 43 27 1x 100000000 JNO | erze7s Jackpot | 3325.
03 16 22 28 36.39 19 «1x 100000000 EYstmk 115225 1x 1467 134.10
03 07 11 22 2739 28 1x 201779210 (BNO | 034902 1x 210888.80
12 15 16 22 37 38 28 Jackpot 037773 1x 420349.20
10 12 16 21 39 41 01 Jackpot 829120 3x 82443.50
01 02 15 22 30 43° 24 Jackpot 461130 5x 43 866.20

(c)www .6richtige.at

