LOTTO Gewinnzahlen Zz  Lottosechser (Euro) Land
02 04 08 31 33 45 12 1x 581406790 )OO | 190118 1x 47318580
13 19 26 30 32 44 16 Jackpot 226316 2x 81 240.30
0103 07 15 16 39 14 1x 4623 293.50 w
0307 13 17 2839 40 2x 108104850 (gl) | 386423 Jackpot | 3301 |
07 09 11 27 40 41 15 Jackpot 036645 1x 198 967.80
11 22 23 26 38 41 16 Jackpot 755975 1x 19401470
0124 27 41 43 44 23 1x 556661710 bh Web
08 16 19 22 25 29 04 1x 150533750 MNO | 619283 2x 338926.20 | 3313
03 08 11 26 39 40 42 1x 157206320 Ystmk| 098431 = = — Jackpot | 3315_
0106 11 16 28 36 41 Jackpot 655969 1x 607 221.90
08 09 21 23 30 40 12 Jackpot 287353 2x 86732.50
07 09 13 24 26 27 «43 1x 203635360 b Web

(c)www .6richtige.at

