LOTTO Gewinnzahlen Zz  Lottosechser (Euro) Land
11 15 34 36 40 43 05 1x 1000000.00 pe | eer nce a7
07 152128 3539 34 2x 50000000 i
11 16 17 18 27 36 20 Jackpot 974687 4x 57 935.90
20 23 26 27 36 42 10 1x 321746020 kin | 575418 2x 108 893.20
04 08 27 34 36 44 40 1x 100000000 MT | 443956 2x 95617.20
11 16 26 35 3639 02 1x 187974300 § Kin. | 121388 3x 75 298.90
0115 20 32 35 45 43 1x 1000000.00 w
041316 19 2938 35 1x 100000000 § Kin. | 945759 1x 36009560 | 2181 |
09 10 31 42 44 45 06 Jackpot 021697 3x 130761.80
04 14 21 38 41 42 43 1x 478404330 Bind | 270537 Jackpot *| 2105”
12 13 25 27 30 45 42 Jackpot 772538 2x 351 252.00
07 09 12 27 2839 25 1x 322880450 NO | 386353 2x 112153.40
Mi 06.03.2013 | 03 15 18 22 27 28 25 1x 202187860 (Md Bald.
16 24 25 26 27 44 12 1x 1000000.00 w
Mi 13.03.2013 | 11 24 31 38 41 43 21 Jackpot 552955 1x 378755.00
02 08 11 13 2931 24 1x 194293380 NO | 013301 2x 11320670
01 06 2123 40 41 03 2x 50000000 Bp yy | 700208 = Jackpot | 2194 |
14 21 35 39 42 44 12 Jackpot 301238 2x 207 956.80
02 09 16 22 24 43 23 Jackpot 972119 1x 216 980.50

Mi 03.04.2013 | 04 16 19 21 30 35 39 1x 4752 644.80 eo Web 678 992 1x 535 725.20 2198
(c)www .6richtige.at

