LOTTO Gewinnzahlen 7z Lottosechser (Euro) Land
0105 06 12 27 45 23 4x 96599160 mlyup| 656986 1x 384339.10
05 18 22 24 25 28 31 1x 72805190 mT
0109 17 22 26 40 43 1x 99521920 l)00 | 878654 1x 233149.60
14 23 24 35 41 42 28 Jackpot 821913 2x 157 418.80
02 10 30 31 35 45 26 1x 373331750 l)oO | 780001 2x 18002980
0416 21 25 36 42 34 1x 220079820 fg)o0 | 512608 = Jackpot | 1294 |
03 08 26 35 43 44 23 1x 94979110 &9stmk| 602598 3x 279393.00 | 1295 |
03.09 13 20 2123 44 2x 35507450 (el | 6446553 = Jackpot | 1296
06 09 11 13 3234 39 2x 200193590 yy | 213715 2x 198 706.20
05 15 32 37 43 45 42 Jackpot 365238 3x 62 203.40
011018 24 4042 22 2x 194777300 GM | 610737 Jackpot | 1302
03 2025 28 40 44 09 1x 95270710 mT | 657499 1x 64930460
05 17 23 27 3443 03 «5x 145181.00 QRMMRRA 174359 1x 188 852.00
17 18 19 27 2932 23 3x 131115740 (@pel| 316284 = == Jackpot | 1307 |
ri 22.00.2004 | 02 09 29 35 41 44 08 3x 25962500 QR) 291108 daciat | “308
03 08 15 22 2425 28 1x  943085.40 w | 927218 2x 453756.50
05 07 20 29 34 38 28 Jackpot 457126 1x 186549.00
02 25 29 32 4145 42 1x 208732900 (NO | 404690 1x 335 130.10

(c)www .6richtige.at

