LOTTO Gewinnzahlen Zz  Lottosechser (Euro) Land
03 04 14 23 29 43 33 Jackpot 823547 2x 127 120.60
07 12 28 37 39 45 21 1x 2887348.00 Mj bg.
05 12 16 21 3132 42 Jackpot 799485 2x 248 095.00
0405 11 15 38 42 12 1x 4604374.20 w | 733827 1x 41337280
06 1419 31 32 40 03 1x 298088140 MT | 875103 2x 148733.20
06 20 29 33 34.42 04 4x 43733250 Bape] 607742 2x 118 411.60
04 05 06 07 23 26 16 Jackpot 520475 3x 103169.20
12 28 293135 45 06 1x 79755570 9 Stmk| 111172 1x 52953770 | 1487 |
09 18 20 23 3032 43 1x 62066920 § kin. | 054564 Jackpot | 1488 |
0105 09 26 2833 19 1x 71593380 w
04 13 21 34 43 45 29 Jackpot 325448 2x 230 569.30
15 17 27 34 40 41 22 1x 267127210 (i Bogld.| 065398 1x 26082280
07 1013 30 38 44 36 1x 7aog7z270 & 294732 3x 83818.70

(c)www .6richtige.at

