LOTTO Gewinnzahlen Zz  Lottosechser (Euro) Land
10 13 31 37 41 44 30 Jackpot 748418 1x 189030.00
08 16 20 24 28 45 18 1x 4968 264.50 w | 156717 2x 137 965.40
0307 18 35 37 40 34 2x 50000000 OM | 276082 1x 248520.00
19 22 24 32 33 42 13 Jackpot 312277 4x 50 845.30
0408 11 15 35 41 25 1x 194799670 [g}00 | 635151 4x 70565.30
18 27 28 29 37 42 30 1x 100000000 (@§Sbg| 966242 2x 107 257.00
0405 06 18 33.38 08 1x 327731480 [B)Kin. | 531316 2x 219777.60
051119 27 38 41 44 1x 202049140 [NO | 938227 1x 239718.20
01 06 17 22 35 40 16 Jackpot 449518 1x 629785.30

(c)www .6richtige.at

