LOTTO Gewinnzahlen 7z Lottosechser (Euro) Land
04 21 23 30 35 42 17 2x 345705450 a & | 514288 3x 192686.50
0617 21.24 29 41 25 1x 91007040 (NO | 758809 1x 237628.60
04 13 17 24 3032 01 1x 2010 187.60 w
06 18 23 29 39 40 02 Jackpot 643576 3x 10012230
04 06 09 25 31 43 23 Jackpot 746459 3x  112519.80
[so 09.052004 | 05 10 23 26 27 35 22 dx 113639570 WGP | vasve  —_dackpot | 1209.
01 06 08 11 40 42 18 Jackpot 939262 2x 174757.30
05 11 16 21 2632 43 4x 101164990 MORAN) 452950 2x 188658.10
02 04 05 27 37 44 32 Jackpot 517248 3x 7996140
06 20 27 30 40 45 26 1x 225118090 9 stmk| 295170 1x 300521.80
08 1113.20 3438 05 1x 96669090 @& Sbg.| 280368 = Jackpot | 1275 |
04.09 1517 18 22 36 1x 217270390 (NO | 101287 2x 168136.70
04.27 35 37 39 45 29 1x 74951530 UM, vbg.
15 16 27 32 38 44 09 1x 90759100 mT
05 22 32 37 38 42 20 1x 210258470 9 stmk| 322224 = — Jackpot | 1283 |
05 08 17 25 27 29 35 «1x 79734430 QY stmk| 339852 1x 105075340 | 1284,
02 19 20 32 35 45 15 Jackpot 208649 2x 121 806.00
02 16 23 30 31 40 21 Jackpot 690912 1x 277338.90

(c)www .6richtige.at

