Datum —=s | LOTTOGewinnzahlen Zz _Lottosechser(OS) Zieh.
Mi 07.04.7999 | 04 05 71 37 38 43 39 Jackpot 738
So 11.04.1999 | 07 15 20 23 29 44 02 4x 4945588.00 733

03 13 16 25 31.36 20 1x 6772787.00
08 24 25 32 43 45 15 ix 9$912806.00
01 16 23 36 38 42 06 1x 6633499.00
03 09 16 2043 44 04 ix 9711 219.00
03 07 15 23 24 43 38 «2x 3254948.00
09 18 20 25 33 38 02 ix 8998.448.00
08 15 24 26 27 40 37 1x 6596697.00

32 34 36 38 43 45 16 9x 3568 201.00
03 06 17 19 2038 42 3x 2184340.00
03 06 16 17 18 31 33 2x 94171 206.00

04 06 07 14 27 28 35 «4x 8187 199.00
04 10 16 35 40 43 24 ix 9596 457.00
09 11 13 14 21 36 30 ix 674952400
10 19 21 24 28 43 13 ix 974095400

Mi 30.06.1999 | 04 13 22 25 28 34 26 2x 3271 760.00
So 04.07.1999 | 02 08 22 24 27 35 05 ix $831 558.00

Mi 07.07.1899 | 603 10 16 18 23 27 04 Jackpot 764

(c) www brichtige. at

