LOTTO Gewinnzahlen 7z Lottosechser (Euro) Land
10 11 16 18 3034 42 1x 3293507.60 w | 810629 1x 23584400
0306 0917 22 24 20 2x 99128840 yp | 478433 3x 139 365.30
09 15 18 20 23 30 19 Jackpot 115416 2x 145737.00
rso 31012016 | 17 18 a2 3029 a1 34 3x 325306040  QUEG)| 22002 5x so7aazc
02 04 08 10 33 35 16 Jackpot 075121 2x 117870.00
08 10 11 29 33 42 02 1x 5103956.30 w | 152940 2x 14904290
04 06 14 28 3135 40 Jackpot 752251 1x 174555.30
0417 18 23 3140 20 4x 82421420 QRMNY| 417469 2x 113 362.00
07 09 11 17.19.35 30 1x 1000000.00 w | 814397 2x 88787.30
0216 18 20 28 34 42 1x 100000000 mT | 220399 1x 204485.20
08 16 25 32 34 37 21 1x 100000000 (MM Bold.
07 18 19 21 30 42 34 Jackpot 265404 1x 388 844.20
09 30 32 35 37 41 08 1x 321244200 MT | 030333 1x 248988.50
07 12 36 37 38 45 43 Jackpot 077123 1x 165 751.30
02 16 23 32 38 41 03 Jackpot 617620 2x 115227.70
04 10 15 31 33 41 21 1x 100000000 Wjvbg.| 788056 3x 67 338.30

(c)www .6richtige.at

