LOTTO Gewinnzahlen Zz  Lottosechser (Euro) Land
0111 2129 32 44 42 1x 97481230 [NO | 297961 2x 11309260
07 25 3134 40 45 05 1x 355003630 F?web| 749927 2x 165 034.00
16 22 26 34 35 39 30 Jackpot 000532 1x 551 354.20
07 26 27 34 35 43 38 «61x 70362250 [By Kin. | 526714 3x 59969.80
02 03 08 21 37 41 13 Jackpot 695173 2x 118 573.40
08.1518 20 3035 14 2x 109499530 EF yy | 579559 1x 284692.10
04 16 22 34 43 44 28 Jackpot 043384 =2x 115 940.50
07 21 24 26 28 37 03 2x 1047 980.20 894673 3x 17063570

(c)www .6richtige.at

