LOTTO Gewinnzahlen Zz  Lottosechser (Euro) Land
08 14 22 25 30 41 28 4x 119043990 (pRaypyy| 762935 2x 672788.90
04 12 13 22 26 43 10 Jackpot 044273 1x 177.645.40
06 1217 26 35 40 03 1x 164998450 w | 658179 1x 349241.40
15 21 25 26 27:34 19 3x 99228450 [Byypyp| 925210 1x 617997.20
20 23 26 30 43 45 12 1x 59167980 MT | 789512 2x 96 361.00
02 09 23 30 39 40 04 Jackpot 018872 1x 34194550
22 24 26 31 32 44 «16 Jackpot 644973 3x 13771210
01 16 23 24 33.39 28 Jackpot 742987 2x 169 623.30
06101416 2136 17 2x 340617190 RY | 294830 3x 170129.50
05 08 12 15 18 39 20 Jackpot 364187 1x 184993.10
a7 08 25 27 28 4236 ax 114050020 QQIQUE] 210473 ax 17762620 | sat
0408 2129 37 44 09 2x 94127280

(c)www .6richtige.at

