LOTTO Gewinnzahlen 7z Lottosechser (Euro) Land
04 25 29 33 34 44 40 1x 7 254065.00 w | 347398 3x 132233.50
0409 11 17 3133 06 3x 66956610 (BRAY) 422538 Jackpot | 2019 |
04 12 14 22 32 44 15 Jackpot 966555 3x 76 386.50
02 06 09 20 2433 «19 «1x 324211180 &Ystmk| 637490 1x 213981.90
fso 31072011 [01 o7 17 3197 45 34 2x 50000000 WIE | s4esce  ——_dackpot | 2003,
02 08 09 14 32 42 40 Jackpot 595839 2x 97 340.70
02 03 23 31 3236 39 «2x 166799390 (RY | 519526 2x 127 256.30
02 16 23 28 33 44 15 Jackpot 218539 3x 210 038.90
13 16 18 33 3638 35 1x 211683020 b Web| 195199 1x 286391.20
0519 28 36 37.38 03 2x 50000000 & mM | 397826 3x 64143.10
10 11 22 27 3639 24 «1x 100000000 (Kin. | 109138 1x 198738.00
03 15 2139 40 43 01 1x 319365650 MNO | 855970 Jackpot | 2040 |
03 08 1318 22 27 41 1x 100000000 (NO | 627627 4x 16710740

(c)www .6richtige.at

