LOTTO Gewinnzahlen 7z Lottosechser (Euro) Land
0415 24 27 39 41 33 1x 202289520 Wb Web| 658479 1x 249313.90
04 27 29 30 39 42 15 1x 181800850 (i)00 | 983888 1x 38207120 | 2591 |
12 25 28 39 41 43 44 Jackpot 085872 2x 13690340
03 07 34 35 36 39 30 2x 318592830 GB yp | 937968 1x 28399740
06 07 30 32 41 44 19 1x 192261330 ST
03.09 1216 19 27 26 2x 50000000 pel | 154480 1x 174219.60
09 10 25 36 38 40 04 1x 100000000 #T
08 11 33 35 38 42 16 1x 100000000 (Bold.
12 23 24 31 34 43 29 Jackpot 494130 2x 289 308.00
011516 19 22 42 18 Jackpot 543894 1x 230988.90
0102 1017 2441 45 1x 448580420 (BNO | 221241 1x 240878.40
09 20 22 27 40 45 04 1x 100000000 9 stmk| 004140 1x 206973.50
08 12 18 24 25 44 19 Jackpot 095314 1x 233466.50
051116 19 27 33 39 «2x 227469030 Bp Mp | 995202 = Jackpot | 2611_
ri 29032017 [05 26 32 39 24 4336 1x 2e70845.00 {xn | o2eozs Jackpot | 2014
[so 02042017 | 02 03 19 0 3439 16 1x 100000000 g1 | 000657 2x 20795520 | 2615.

(c)www .6richtige.at

