LOTTO Gewinnzahlen Zz  Lottosechser (Euro) Land
02 10 16 37 43 44 20 Jackpot 402595 4x 51 455.80
0309 10 11 13 41 37 1x 3443325.00 Web| 241370 5x 51645.80
06 16 22 25 30 38 40 Jackpot 735681 1x 156 482.40
03 19 26 40 43 45 30 1x 1899089770 [g}00 | 306930 = Jackpot | 2203 |
11:12 14 27 34.44 06 2x 92612630 pM | 952981 2x 30453400 | 2205
03 04 06 11 35 45 32 1x 1000000.00 W
010209 19 27 43 05 1x 100000000 9 stmk| 914259 3x 117038.00
0105 1115 3945 19 2x so000000 EYEY | s24es8 2x 384703.20
06 22 27 36 42 43 07 «1x 180298640 fg)OO | 984357 = Jackpot | 2210 |
17 27 28 30 39.41 45 1x 100000000 (MNO | 877082  — Jackpot | 2211
0110 17 20 26 41 19 Jackpot 509927 1x 780023.40
08 10 12 38 39 45 02 Jackpot 447045 2x 117 535.40
01 22 27 33 40 44 12 1x 9231788.80 w | 987338 1x 426 680.80
02 06 13 23 27:39 26 «1x 100000000 UM, vbg.
01 04 08 28 34 43° 22 Jackpot 320130 2x 224916.80
10 16 19 25 3140 36 2x  939237.50 972057 2x 112754.80
01 31 37 40 42 45 36 1x 1000000.00 Web| 631 484 Jackpot
16 17 21 28 40 42 02 Jackpot 767416 3x 226 661.60

(c)www .6richtige.at

