LOTTO Gewinnzahlen Zz  Lottosechser (Euro) Land
01 02 27 38 39 45 34 1x 337223820 MT | 748871 3x 9264590
07 09 20 25 3032 21 1x 193999200 [NO | 684371 1x 267627.60
10 15 30 32 37 40 02 1x 100000000 mT | 541627 2x 105 356.70
03 04 06 12 29 39 «34 Jackpot 638664 1x 247 107.00
02 09 11 23 25 29 «15 Jackpot 229185 1x 189 291.90
17 29 30 38 43.45 21 1x 320142920 9 stmk| 143280 2x 116 380.00
0405 13 17 27 40 32 Jackpot 925538 2x 115604.30
03 10 18 29 37:39 22 1x 331951360 [NO | 873047 Jackpot | 2366 |
ri 19-v1.2014 | 06 12 21 38 42.45 91 2x 100044040 Me | 723173 dackpot | 2300
07 14 19 26 28 43 04 Jackpot 651086 2x 200 646.60
01 02 04 06 2425 45 1x 2010899980 [MNO | 246553 2x 113977.00
04 05 13 32 40 41 28 Jackpot 970888 1x 157 968.80
04 11 17 35 38 45 23 Jackpot 830879 2x 139810.10
01 03 08 21 2431 27 2x 494836030 [Gp | 592654 Jackpot | 2379 |

(c)www .6richtige.at

