LOTTO Gewinnzahlen Zz  Lottosechser (Euro) Land
08 12 25 34 38 43 16 1x 321010000 g)oO | a77987 Jackpot | 2254 |
05 13 14 22 27 36 38 Jackpot 976758 2x 427 125.00
0506 1516 17 20 27 1x 322225940 9 stmk| 765857 3x 77 435.30
07 20 23 33 38 43 26 1x 100000000 (NO | 594405 1x 163242.10
04 07 11 17 18 20 01 1x 1000000.00 w
02 11 15 35 40 41 36 Jackpot 562454 3x 76 375.20
04 14 17 23 2633 38 «1x 318104650 g)OO | 440611 1x 220789.00
03 18 19 24 30 43 26 1x 1000000.00 w
07 11 14 18 26 35 21 Jackpot 791163 3x  53513.90
06101922 3343 40 2x 94427090 & 593185 2x 113661.60
ri 27.11.2013 [03 0513 26 41.45 35 1x 100000000 oo | se5051 Jackpot | 2200,
0510 11 12 24 26 19 Jackpot 115193 1x 360197.90
05 15 1719 26 38 45 1x 193041670 [BNO | 825384 3x 66132.10
01050715 2125 03 2x 50000000 yy | 020055 4x  49036.00
03 21 26 30 38 43 01 4x 482196.10 yGyupyy| 292490 1x 414568.90
0118 19 39 41 44 05 1x 1000000.00 W
11 20 27 34 41 44 35 «3x =: 33333330 | 680413 3x = 71:587.10

So 29.12.2013 | 06 12 21 31 36 45 02 1x 188378210 w | 505175 1x 228 201.70
(c)www .6richtige.at

