[Datum —=s | LOTTOGewinnzahlen Zz _Lottosechser (6S) Zieh.

06 26 31 32 35 38 03 ix 5915647000 100%
03 11 12 25 26 44 «27 Jackpot 1002
07 12 20 28 41 42 08 3x 1049009000 1003
13 16 18 27 37 44 341 14x 10067481.00 1004
14 18 31 33 36 37 39 43x 4216807.00 1005
02 10 14 21 31 34 26 ix 10491448.00 1006
11 12 31 37 41 43 40 14x 1358924500 1007
17 23 30 37 40 42 15 Jackpot 1008
09 19 20 21 31 35 08 ix 30244199.00 1008
08 15 16 36 38 42 08 Jackpot 1010

08 17 22 3135 44 44 1x 1043879000 1012
05 10 13 21 36 37 «15 Jackpot 1013
02 08 20 22 30 31 27 Jackpot 1074

08 17 18 3233 42 41 2x 539948200 1016
03 06 67 23 32 35 40 Jackpot 1017
08 17 24 28 37 38 416 «2x 16060863.00 1018
02 05 24 26 38 40 18 ix 1036268100 1020
03 O7 16 24 3034 12 ix 14607867.00 1021
01 14 17 19 25 31 28 ix 1000000000 1022
06 10 11 21 31 37 40 Jackpot 1023

(c) www.8richtige.ai

