LOTTO Gewinnzahlen Zz  Lottosechser (Euro) tana
05 11 20 29 32 36 «06 4x 2368767.60 Gmieap| 711619 3x 13634070
01 04.13 17 22 40 16 Jackpot 037414 1x 200163.80
11 22 26 38 41 43 08 Jackpot 194947 1x 233269.90
03 04 12 24 34 43 18 1x 4864 140.00 w | 211237 3x 79.415.30
03 09 15 22 41 43 32 1x 100000000 (Kin. | 111145 = Jackpot | 2335 |
03 06 08 18 22 26 41 Jackpot 956590 3x 271617.20
0104 13.19 37 41 33 1x 496213990 &Ystmk| 650309 4x 66 321.90
07 14.16 18 19 21 41 3x 333 333.30 OH 337708 2x 83849.30
010309 14 2531 18 2x 50000000 ay | 423141 = Jackpot | 2341,
ri 27.0820%4 [06 07 08 15 97 4 39 1x 379032010 G)OO | sovzce  —_dackpot | 2344
08 09 20 24 34 38 43 Jackpot 277021 1x 411879.30
08 13.17 24 25 29 23 Jackpot 369514 1x 468793.10
07 15 20 22 2337 13 2x 3456 374.30 4
10 17 32 36 40 41 21 1x 1000000.00
08 23 30 32 38 40 19 Jackpot 044162 1x 73167490

(c)www .6richtige.at

