LOTTO Gewinnzahlen Zz  Lottosechser (Euro) Land
10 12 21 24 36 42 40 Jackpot 244240 3x 231 149.90
02 04 12 14 24 40 21 Jackpot 873594 1x 199 369.90
03 06 1012 19 38 15 Jackpot 031227 1x 208745.80
01021011 1516 25 1x 398771280 [g)00 | 096605 1x 277756.90
02 1333.37 4145 12 3x 736185.10 UBypuy| 266739 4x 6163410
03 16 19 22 23 28 24 1x 374034460 9 stmk| 432088 1x 63609040
02 0409 11 17 24 16 1x 227951470 [NO | 892185 1x 20213080
06 17 34 39 40 43 29 Jackpot 949018 2x 99 967.20
0118 21 24 27 45 10 Jackpot 817737 2x 98768.90
03 13 17 20 28 29 15 Jackpot 131125 4x 67 983.60
21 22 25 28 41 45 31 1x 884208410 [NO | 287287 1x 419304.30
rai 16032011 [06 18 19 20 24 26 97 2x 2er0ea340 WW | o2201  ——_sacepot | 1094
17 20 22 25 3239 43 Jackpot 169327 2x 143190.60

(c)www .6richtige.at

