LOTTO Gewinnzahlen Zz  Lottosechser (Euro) Land
15 17 26 37 39 43 36 2x 947351.20 i
04 09 23 25 33 41 14 1x 191421330 (BNO | 271187 2x 115625.10
05 13 21 28 36 44 39 1x 1000000.00 w | 760028 1x 164 299.30
08 14 18 24 41 44 43 Jackpot 953827 2x 101825.90
02 03 12 17 20 41 01 Jackpot 652891 1x 244335.00
03 12 16 27 35 38 19 4x 114996410 Ob ypyy| 220697 1x 249666.00
16 26 35 39 43 44 38 41x 1887083.60 WW) vbg.
11.12 18 24 26 40 38 1x 1827075.80 w | 344878 1x 195 323.80
0309 21.27 40 45 04 1x 100000000 mT | 207421 2x 96901.50
04 22 25 30 31 37 «44 «1x 175321450 QBNO | 607271 = Jackpot | 2319
02 04 11 34 37 41 31 1x 168336460 aT
15 20 24 30 39 44 04 Jackpot 495476 1x 223731.80
04 07 10 12 23 36 44 Jackpot 947915 1x 421519.10
02 07 15 36 38 43 (01 Jackpot 175522 2x 287 428.00

(c)www .6richtige.at

