LOTTO Gewinnzahlen Zz  Lottosechser (Euro) Land
13.18 32 40 43 45 44 Jackpot 287880 1x 777 367.90
05 12 23 24 25 40 07 1x 3289627.60 §YStmk| 705778 1x 199 289.00
03 17 26 33 41 45 04 1x 100000000 )00 | 299798 1x 18555420
10 25 30 38 39 41 27 Jackpot 412272 1x 249 047.00
04.15 22 29 32 42 28 1x 349511680 Wvbg.| 837055 2x 246881.20
03 06 11 25 33 45 23 2x soocc0co MR | s37540 2x 9064210
04111320 2945 12 2x 50000000 i) WM) | 046311 1x 15835590
05 13 20 21 29 32 18 Jackpot 106689 1x 194151.90
05122040 4145 10 1x 314782620 (NO | 295746 1x 39064020 | 3171 |
[so 05.06.2092 | 32 24 36 37 28 43 28 1x 144440250 WGNO | 212006 1x 3602520 | 3173.
05 18 20 24 37 40 30 Jackpot 816108 1x 235925.30

(c)www .6richtige.at

