LOTTO Gewinnzahlen 7z Lottosechser (Euro) Land
07 14.15 21 2432 34 1x 680271190 MT
05 16 23 26 34.37 18 «43x 572465.00 ARI | 910083 3x 82411.10
03 05 11 13 20 43 10 Jackpot 573220 2x 251 276.50
03 05 08 36 4344 12 1x 298937110 9 stmk| 010179 1x 33600640
01 03 23 37 41 45 32 Jackpot 494007 4x 93.455.10
09 1417 25 29 44 19 Jackpot 237172 2x 128 334.90
06 19 23 27 37 40 21 2x 96497140 (wi) | 034435 1x 235621.90
03 16 19 31 40 44 14 1x 1747414.20 w
01 07 28 32 38 42 18 2x 40866450 (Gp | 605708 2x 267 395.30
051925 29 3043 16 3x 55273880 (gp, 977529 3x 16148180
0411 18 23 36 42 40 1x 588 881.60 w | 188729 2x 84145.60
09 12 21 28 32:35 37 1x 163641460 (NO | 634861 1x 48349440 | 1570 |
0212 20 26 42 45 31 1x 74110000 fg}00 | 940215 = Jackpot | 1571 |

(c)www .6richtige.at

