LOTTO Gewinnzahlen 7z Lottosechser (Euro) Land
07 13.21 26 39 43 24 3x 26992560 [ibyy| 336614 1x 196985.10
12 24 29 39 42 44 40 1x 173633850 (Kin. | 023131 1x 232767.00
19 23 30 36 41 45 24 Jackpot 393079 1x 128271.70
07 12 24 28 35 39 40 «2x 162141820 (Mi) | 239085 2x 11092260
12 16 18 22 26 43 14 Jackpot 783047 1x 193726.40
06 20 26 35 36 40 18 1x 329407250 WeYvbg.| 819225 4x 69 259.10
02 03 13 22 23 29 33 2x  332885.60
03061315 16 30 10 2x 41524610 Gp | 202442 2x 164821.00
12 24 26 38 4144 01 1x 684456.10 &Ystmk| 503945 1x 13727240
14 25 37 40 42 43 24 1x 982117920 wT | 072907 1x 19790260
1416 27 36 39 44 «19 Jackpot 102822 1x 135677.00
05 30 36 41 42 45 28 Jackpot 570083 1x 244879.10
06 08 29 32 36 39 «28 «43x 159289040 (hulle | 474249 4x 79529.60
06 22 35 37 38 41 25 Jackpot 826983 1x 230430.40
02 12 18 34 35 3713 Jackpot 366194 2x 105 997.60
03 05 14 30 34.37 17 «3x 167776260 [Eiml| voosso 1x 31304670

(c)www .6richtige.at

