LOTTO Gewinnzahlen Zz  Lottosechser (Euro) Land
11 18 30 31 44 45 03 1x 3838710.30 w
01 04 07 17 36 38 06 Jackpot 503071 1x 197 630.40
03 04 08 12 40 43 45 1x 322405770 [NO | 105521 1x 221958.00
09 11 13 14 37 38 26 2x 132168640 & 649382 2x 111 768.20
09 11 12 14 24 26 22 1x 1000000.00 T
04 06 07 17 18 38 19 Jackpot 591998 1x 190915.20
0117 2032 3536 19 2x 77331110 i Bi) | 927442 2x 107899.90
06 08 11 17 2133 02 2x  500000.00
04.10 17 28 42 44 14 1x 100000000 ()00 | 991324 1x 359951.00 | 3057 |
0104051316 20 03 2x 73422850 EF yy | 324619 1x 201629.80

(c)www .6richtige.at

