LOTTO Gewinnzahlen Zz  Lottosechser (Euro) Land
0104 18 28 40 43 37 1x 318412760 [g)00 | 409538 1x 226159.90
06 11 22 30 38 43 13 1x 100000000 JOO | 347882 1x 153999.20
02 05 22 25 33.39 28 Jackpot 610073 2x 305309.90
01 09 26 30 36 38 «13 Jackpot 959750 1x 302307.90
12 27 29 34 36 40 22 1x 329092010 ( Sbg.| 240917 1x 237340.70
03 07 19 23 24 34 16 1x 100000000 mT | 027107 1x 16141250
1314.15 29 37 45 33 Jackpot 436679 4x  45558.90
09 20 26 29 41 42 06 1x 340229970 Whvbg.| 281185 1x 446510.60
05 06 1015 24 40 23 1x 100000000 9 stmk| 568985 2x 82293.20
06 1013 33 36 42 11 2x 50000000 EF yy | 356827 1x 187377.10
09 15 26 32 41 44 38 1x 190102030 JOO | 702091 4x  94629.20
07 09 12 34 35 36 24 «1x 188114930 (Kin. | 376435 1x 217323.60
04 07 08 10 17 34 05 Jackpot 014508 1x 21651370

(c)www .6richtige.at

