LOTTO Gewinnzahlen Zz  Lottosechser (Euro) Land
05 14 34 35 39 42 22 Jackpot 420424 3x 200 318.20
02 28 29 30 4142 04 1x 5167318.20 (BNO | 884394 1x 558 992.60
04 08 09 12 2131 17 2x 365687.60 § yp | 662083 1x 143 437.50
[so 31012010 [ 03 20 4041 444512 2x 16547440 OB GI) | s05400 1x a60009.20 | 1067
05 11 17 34 35 39 38 «1x  719095.80 Ww
06 17 28 34 36 44 29 Jackpot 048256 1x 238 548.70
0411 18 19 24 29 42 Jackpot 544306 1x 199 254.50
06 10 14 20 29 32 18 Jackpot 746472 1x 500 000.00
01 02 07 20 23 29 25 2x 259723600 Qe | 360080 Jackpot | 1978 |
10 13.17 25 3239 33 1x 329296450 MT | 013772 4x 16918410
13 16 24 35 3843 29 1x 67994190 (BNO | 022608 3x 45799.60
15 28 29 31 34 41 39 Jackpot 625014 1x 203893.00

(c)www .6richtige.at

