LOTTO Gewinnzahlen 7z Lottosechser (Euro) Land
1317 2132 3943 40 3x 71234680 WIMNy| 275741
06 08 17 23 25 45 39 2x 105611850 a
07 101521 3439 01 1x 92149090 ( Sbg.| 368464 = = — Jackpot | 1185 |

Mi 23.07.2003 | 05 Of O08 25 32 3% 10

Jackpot 526 288

So 27.07.2003 | 03 13 24 25 30 44 23 Jackpot 310773
Mi 30.07.2003 | 07 13 19 27 32 36 09 2x 178458860 (gil WH, | 934549
So 03.08.2003 | 02 10 26 28 39 42 29 «1x 9375918.20 [BNO | 743562 Jackpot | 1189

Mi 06.08.2003 | Of 16 23 29 34 45 15

Jackpot §22 499

02 09 22 24 26 30 14 3x 67144300 $B) 400758
07 09 21 30 38 43. «10 2x 34529370 ( | 138251 Jackpot | 1192 |
0107 18 26 27 42 06 2x 41535700
03 11 12 22 25 38 15 Jackpot 664 396

So 24.08.2003 | 05 08 10 16 29 33 04 Jackpot 229 367
Mi 27.08.2003 | 01 21 32 37 39 41 22 Jackpot 858 494 Jackpot | 1196

So 31.08.2003 | 06 1417 19 25 33 27 2x 2830 954.70

2x 139 530.30 1182

4x 258 304.90 1186
3X 95943.20 4187
3x% 113 618.00 1188

1x 428 675.20 1190
3x 101 839.70 1194

1x 629 094.50 1194
3x 938053.10 1195

vy | 006358 1x 797987.00 | 1197

02 06 22 29 33 44 03 1x 70312850 mT
[so 07082003 | 03 09 15.29 24 38 41 1x 91525080 OO | s7ate2 Jackpot | 1199
07 22 32 34 37:38 «45 1x 752087.60 ( Bgld.| 629683
09 11 14 24 28 44 04 14x 63121.50 Biebiyp) 841 824
03 05 21 30 37 44 13 Jackpot 341 684
03 17 35 39 40 44 15 Jackpot 061 857
02 13.15 27 42 43 04 2x 105972600 SY | 371182
07 08 09 18 43 44 29 Jackpot 892771

Mi 08.10.2003

02 17 19 27 30 40

22 3x 70891050  (aimll| 701528

2x 335 264.10
1x 233571.60
2x 87 397.80
1x 294075.00
2x 154 352.40
1x 229 284.80
1x 280 243.30
3x 79 401.40
1x 271 307.80

(c)www .6richtige.at

