LOTTO Gewinnzahlen Zz  Lottosechser (Euro) Land
03 12 25 33 43 45 41 Jackpot 288651 1x 201 002.10
01 04 14 32 41 42 29 1x 196120360 MT
05 20 29 34 39 42 25 1x  672709.60 w | 801237 1x 198 860.80
[so 24.10.2008 | 02 08 17 26 33 42 07 5x 17126020 REAM) 924407 9x 95777.1
07 19 35 37 38 40 15 1x 88416240 w | 757835 1x 296 928.60
02 14 27 31 36:39 «41 «1x 193758430 MT | 873653 6x 98421.40

07 12 18 31 36 42 15 1x 192251230 w | 567331 2x 17738290
ri 24-vi.2004 | 01 02 12 25 36 41 13 1x 340212600 WP Simx| 112305 Jackpot | 1320
12 13 24 35 43 45 26 Jackpot 216851 2x 175 117.20
03121317 18 27 16 1x 3304648.60  (& Bold.
04 15 29 31 35 41 20 Jackpot 928528 1x 609 221.80
03 07 09 20 24 43 29 Jackpot 982740 2x 146 042.60
05 16 32 33 3643 11 2x 347540150 RY | 501973 2x 26699170
04.13 14 31 35 41 27 1x  759479.10 w | 660323 1x 207 157.90

(c)www .6richtige.at

