LOTTO Gewinnzahlen 7z Lottosechser (Euro) Land
19 3133.36 40 41 17 2x 167120600 yp | 372481 2x 332366.40
13.21 36 40 41 44 20 1x 1710830.20 i Bold
26 33 36 39 40 45 28 Jackpot 537159 2x 381 928.20
15 16 19 22 3334 13 Jackpot 188569 5x 75567.30
04.13 19 22 23.31 45 Jackpot 376348 2x 159 934.60
04.05 15 20 28 43 39 2x 2508728.00 659031 2x 251 283.80
05 10 27 33 34 44 16 1x 3045867.60 ([B Sbg.| 767933 5x 68 204.00
0103 08 10 43 45 17 1x  825550.80 w
03 09 22 25 33 42 34 1x 632287.00 &Ystmk| 222280 = Jackpot | 1452 |
07 13 30 34 38 41 15 Jackpot 378402 4x 113823.50
04.05 06 09 19 29 15 1x 1736586.70 w | 835374 1x 240107.50
01 28 30 31 33 40 23 Jackpot 474472 1x 514 165.60
08 10 14 15 3135 23 Jackpot 366920 2x 18529540
0110 11 26 3144 38 1x 501224040 mT
09 11 19 22 3032 39 1x 818 391.20 w | 038426 1x 274795.80
05 08 11 20 27 39 43 Jackpot 410623 1x 185 326.70
01 05 08 26 2934 04 1x 170578030 Wyvbg.| 710956 1x 318 135.00
04 09 12 24 37 43 13 Jackpot 218361 2x 258519.10
05 19 32 34 35 43 28 «2x 38674370 yy | 813766 Jackpot | 1467—

(c)www .6richtige.at

