LOTTO Gewinnzahlen 7z Lottosechser (Euro) Land
10 17 33 39 42 43 29 «2x 341766290 MOM | 936631 2x 314243.80
04 05 30 33 35 42 10 1x 100000000 (MM Sbg.| 966868 1x 256 969.20
04 21 26 35 3943 28 1x 76798960 [BNO | 436418 == Jackpot | 1028
03 04 29 34 36 42 20 1x 1026 237.50 w | 517787 3x 163743.90
06 14 20 21 26 37 15 Jackpot 280924 3x 66534.20
01 14 24 26 32 39 25 Jackpot 497218 3x 131 117.00
18 21 25 37 40 43 32 1x 662147650 MA Bgld| 337778 3x 186 407.00
0103 068 16 2939 02 2x 39648450 Hw | 519351 3x 6920910
08 24 25 32 36 43 14 Jackpot 283769 3x 90125.70
[so 17022002 | 01 06 14 18 2537 30 3x sa5210.10  @IGI@))| 549555 1x _269.355.0
1116 24 39 43 44 31 2x 376822.00
10 12 17 27 42 45 34 Jackpot g09011 1x 481 048.00
02 03 07 14 41 42 37 Jackpot 080799 1x 268 162.20
05 08 22 32 34.43 29 «1x 244214550 BNO | 970555 3x 109900.50
04101227 37 41 18 1x 96329150 MAT
0103 13 32 34.37 36 2x 112616670 Bel | 970825 = = = Jackpot | 1047—
04 08 20 23 34 39 07 1x 988226230 (NO | 330889 1x 115642180 | 1048

(c)www .6richtige.at

