|Batum -—=—s | LOTTO Gewinnzahlen Zz _Lottosechser(OS) Zieh.
So 10.07.1994 | 11 22 24 33 37 43 19 2x 7551214.00 403
So 17.07.1994 | 17 20 21 30 31 39 28 «2x 7388 708.00 416

So 24.07.1994 | 16 32 33 36 43 45 17 ix 14586 0621.00
So 31.07.1994 | 04 07 608 13 18 22 14 3x 4845 877.00

04 08 14 40 41 45 12 1x 37908 147.00
06 O07 18 25 33 42 38 3x 510497200
04 10 13 1819 21 14 6x 2524057.00
03 15 27 28 37 41 20 5x 2963417.00
01 06 15 18 26 30 «41 «2x 7399211.00
06 09 14 18 37 42 08 3x 5326036.00

(c) www.8richtige.ai

