Datum LOTTO Gewinnzahlen Zz  Lottosechser (Euro) Land Zien.

Mi 17.01.2018 | 09 14 15 17 31 42 O03 Jackpot 476 369 1x 18001680 | 2693
So 21.01.2018 | 11 12 14 24 31 44 22 Jackpot 228 244 1x 22507480 | 2699
Mi 24.01.2018 | 02 04 08 14 35 43 12 1x 2831 804.40 WwW 687 O73 1x 206843.80 | 2700

13 22 30 34 35 45 27 Jackpot 383 236 Jackpot
03.15 23 26 38 40 35 2x  887519.40
02 17 19 22 3438 06 1x 1000000.00 Web
03 12 30 34 37 40 45 1x 171196780 i)00 | 878489 1x 230 469.50
0112 14 30 35 40 29 1x 1681427.10 w | 918162 2x 208 379.30
01 10 11 20 3239 23 Jackpot 022891 2x 12546340
07 12 28 32 3439 33 1x 3972885.80 w | 769533 3x 8282490
07 10 12 35 37 38 28 Jackpot 304716 1x 200522.00
08 09 18 28 40 44 36 1x 1000000.00 Web| 051630 1x 182777.90

(c)www .6richtige.at

