Datum —=s | LOTTOGewinnzahlen Zz _Lottosechser(OS) Zieh.
Mi 05.04.2000 | 03 15 30 32 33 34 22 1x 21467 636.00 842

So 09.04.2000 | 04 15 16 19 23 45 28 ix $521 489.00
Mi 12.04.2000 | 03 07 08 22 43 45 32 3x 2232 862.00

07 11 30 31 38 41 24 ix 38360877.00
41 12 27 32 40 42 18 ix 6542536.00
04 06 24 30 31 32 22 «ix $3371 520.00
04 17 25 34 40 45 33 ix 6646 296.00

So 14.05.2000 | 01 71 29 30 41 43 23 Jackpot 853
Mi 17.05.2000 | 02 27 28 37 38 45 29 2x 10259 711.00 854
So 21.05.2000 | 07 12 19 24 25 27 43 2x 4585 758.00 855

Mi 24.05.2000 | 11 14 16 20 25 26 38 «41x 7397 793.00
So 28.05.2000 | 11 21 32 35 44 45 Of 2x 4775004.00
Mi 31.05.2000 | 08 15 16 20 33 45 27 ix 6855563.00

03 06 12 13 21 28 25 ix 9018970.00

Mi 21.06.2000 | 08 08 11 17 24 43 05 ix 6538 374.00
So 25.06.2000 | 26 27 28 37 39 44 OF ix 8583850.00

Mi 28.06.2000 | 03 13 17 28 33 37 18 Jackpot 866
So 02.07.2000 | 01 02 04 06 O07 27 45 4x 4779 150.00 867

Mi 05.07.2000 | 07 09 14 28 28 40 30 2x 3397 745.00
(c) www brichtige. at

