LOTTO Gewinnzahlen Zz  Lottosechser (Euro) Land
03 06 08 24 26 27 02 1x 244723830 (EY stmk| 091603 2x 105620.90
05 07 1213 14 42 18 Jackpot 882834 2x 110 465.80
05 08 10 20 24 28 40 3x 190039730 Wwy| 222181 = = Jackpot | 3101.
02 05 09 24 26 35 08 Jackpot 403439 1x 672485.50
01 25 33 34 38 430 21 Jackpot 562745 1x 187 830.40
0203 10 15 40 43 11 Jackpot 191980 2x 12700230
02 07 13 26 29 42 33 2x 303240220 i
07 17 20 28 35 41 10 Jackpot 581238 1x 663156.10
06 12 19 23 25 26 45 Jackpot 460863 2x 483938.50

(c)www .6richtige.at

