LOTTO Gewinnzahlen Zz  Lottosechser (Euro) Land
01 09 20 24 29.31 18 1x 3905735.50 Ww
ri 24102016 [01 07 10 12 21 24 23 1x 150090070 CSimx| 47473 Jackpot | 2778
09 10 15 26 31 38 29 Jackpot 258719 1x 457 618.50
09 10 29 31 38 43 12 Jackpot 982844 1x 204765.30
06 1517 18 40 43 10 Jackpot 837963 3x 8508250
15 16 17 20 21 25 23 Jackpot 041021 2x 132745.00
15 16 35 38 4142 19 1x 585540870 [g)00 | 497567 = Jackpot | 2791 |
08 09 14 26 27 34 16 Jackpot 514404 1x 495 956.60
08 12 21 24 36 44 31 1x 179841670 [g)00 | 641414 2x 122877.00
03 11 20 29 39 44 «38 «2x 50000000 [yy | 650576 2x 10021040
19 27 28 34 35 44 18 Jackpot 422875 2x 12022490
13 18 22 26 29 36 43 1x 157363410 [NO | 628338 = Jackpot | 2796

(c)www .6richtige.at

