LOTTO Gewinnzahlen Zz  Lottosechser (Euro) Land
03 05 19 34 41 42 11 Jackpot 393134 1x 41390590
11 29 31 34 39 41 16 Jackpot 401333 2x 207774.80
06 111517 22 24 37 1x 324305480 (i Bgld| 966700 1x 26455550
ri 25072012 [04 4 16 10 20 42 a4 2x 50000000 Ql EY | 208173 dacepot | 2126,
07 15 18 24 37 43 06 Jackpot 074431 1x 397 106.20
01 07 09 32 34 43 29 Jackpot 746871 1x 223 247.50
0105 19 21 38 39 15 Jackpot 162812 4x 7188340
04 13 15 30 36 38 26 Jackpot 128968 1x 194488.60
07 24 27 40 43 44 13 Jackpot 039649 1x 254098.90
0105 18 24 39 40 45 Jackpot 460866 2x 101 088.10
19 26 27 30 31 43 06 Jackpot 535315 1x 253690.50
08 13.1417 32 41 21 1x 7205587.00 § Kin. | 699794 2x 29266040 | 2143 |

(c)www .6richtige.at

