[Datum | LOTTO Gewinnzahien Zz _Lotesechser (OS) Zieh |
10 17 18 19 34 39 34 «42x 5378 401.00 0

So 12.08.1890 | 08 12 17 18 21 44 28 3x 3461 426.00

02 06 07 11 2035 12 4x 6 390235.00
10 23 37 41 43 44 15 4x 1141178300 215
4

So 02.12.1890 | O07 08 23 25 289 45 42 ix 12403 080.00

So 08.12.1890 | 08 10 12 39 44 44 34 ix 11984121.00 222
22

So 16.12.1890 | 066 18 20 23 34 36 24 ix 11822 742.00

So 23.12.1990 | 05 22 32 34 42 43 45 2x 150600 000.00 224
So 30.12.1990 | 03 04 13 32 35 44 3% Jackpot 225
(c) www.8richtige.ai

