[Datum | LoTTOGewinnzahien Zz Lotesecheer(OS) Zieh. |
08 12 30 32 33 43 23 Jackpot
02 15 18 27 3238 14 6x 1$997577.00

So 24.02.1991 | 05 41 16 18 43 44 12 1x 293563954.00

So 03.03.1991 | 08 15 20 25 26 44 35 Jackpot 234

So 10.03.1891 | 62 68 18 28 33 38 21 5x 5935270.00

09 24 26 29 31 37 «15 ix 11990769,00
62 09 10 23 25 45 39 2x 5989059.00
05 1115 1617 19 41 2x 5836957.00

So 12.05.1891 | 14 15 27 28 40 42 32 3x 1287 232.00
So 19.05.1891 | 19 24 25 28 31 41 42 3x 3863568.00

So 30.06.1991 | 05 06 13 17 34 44 38 ix 11766 298.00

So 07.07.1891 | 01 O08 14 25 26 28 063 Jackpot 252

(c) www.8richtige.ai

