LOTTO Gewinnzahlen Zz  Lottosechser (Euro) Land
02 18 27 28 37 38 20 2x 550716410 (MW) | 076207 Jackpot | 2047 |
04 11 26 35 36 42 13 Jackpot 180994 4x 155 638.90
04 13 14 25 29 38 «45 Jackpot 890293 3x  80007.80
08 09 10 27 34.39 «17 «2x 375974130 fg) | 512534 3x 295 478.10
09 101516 3234 24 1x 100000000 (NO | 197226 2x 110705.30
02 04 09 13 15 28 06 Jackpot 760127 1x 235 331.00
06 27 37 38 41 44 36 3x 1118497.00 [yy | 633898 Jackpot | 2058 |
03 09 12 17 21 44 31 1x 1000000.00 Ww | 285425 7x 62551.70
07 19 32 34 35 36 27 Jackpot 698685 2x 83972.30
03 06 1218 22 27 25 1x 2016895090 MNO | 983448 2x 113333.60
06 21 30 37 38 45 41 1x 1000000.00 Ww
19 24 35 40 42 45 23 1x 1000000.00 w
06 11 23 28 33 36 25 Jackpot 202758 1x 165523.10

(c)www .6richtige.at

