LOTTO Gewinnzahlen 7z Lottosechser (Euro) Land
07 09 22 28 31 38 15 Jackpot 728593 1x 24763240
03 14 26 27 28 30 20 1x 374492790 9 stmk| 322135 1x 242126.70
08 19 24 29 44 45 12 Jackpot 652533 2x 9561460
0416 17 18 37 42 10 Jackpot 151279 4x 48 716.80
04 07 24 28 36 40 21 1x 2317853.20 [NO | 596951 2x 95228.90
03 04 10 24 33 34 23 Jackpot 381631 2x 9420210
23 28 3235 39 40 30 1x 157325070 Ystmk| 113295 Jackpot | 2834 |
07 12 20 33 38 41 23 2x 50000000 I @ | 177292 2x 200260.90
0405 12 24 26 27 45 1x 100000000 (NO | 481595 2x 985430.40
rai 22052019 | 19 26 28 35 98 43 18 dx 73677520 WP ¥P | 15325 ax veaso7.10 | 2030
0305 09 11 28 31 44 1x 100000000 Ystmk| 679999 = = Jackpot | 2839
12 13 29 30 36 42 08 Jackpot 215782 2x 275931.60
03 16 17 24 26 41 42 1x 346600820 mT | 016952 1x 283591.60
03 08 11 15 18 43 33 1x 1000000.00 w
03 15 25 35 37 45 34 1x 100000000 Ystmk| 600417 = = Jackpot | 2845 _
06 09 10 24 40 44 21 1x 142236730 MT | 754094 1x 539 867.80
06 13 17 28 3242 29 3x 33333330 giyy| 727275 3x 53.486.80
[so 07072019 [08 193233 41 42 20 —‘Jackyot_—~«d«SCSt6929 tx 22877020 | 2851

(c)www .6richtige.at

