LOTTO Gewinnzahlen Zz  Lottosechser (Euro) Land
15 29 37 42 43 45 40 1x 268746660 Web
07 10 22 24 27 43 40 1x 100000000 § kin. | 004893 = Jackpot | 2750 |
10 18 26 31 32 37 19 Jackpot 691151 1x 163744.60
02 03 06 29 33 40 21 Jackpot 489659 1x 20967470
10 17 23 24 34.42 39 5x 72455230 (Bgl@Myp| 229901 4x 117789.40
0112 25 35 37 45 28 1x 100000000 [BNO | 359155 1x 176248.30
12 26 36 38 41 45 05 Jackpot 105874 1x 200441.30
02 11 14 22 23 44 36 1x 249146370 |& 418836 1x 238 985.80
04 08 12 18 24 39 29 Jackpot 587211 2x 16866470
08 12 20 23 37 42 19 2x 5132 100.00
0110 24 25 39 45 27 1x 167035200 (& Sbg.| 970934 3x 71382.20
09 13 14 29 39 44 16 Jackpot 315350 3x 82716.90
01 0405 11 15 33 40 Jackpot 744096 1x 221 971.60
02 06 09 17 35 38 42 Jackpot 112237 1x 266 744.10
03 10 23 27 28 41 24 2x 1944705.20 if 658651 4x 6781260

(c)www .6richtige.at

