LOTTO Gewinnzahlen Zz  Lottosechser (Euro) Land
07 1011 14 16 17 20 1x 75963710 () Sbg.| 520195 = Jackpot | 1677 |
10 15 17 22 26 31 30 Jackpot 465018 2x 21174230
03 05 15 32 36 38 20 1x 694811830 () Sbg.| 707162 5x 9570180
03 13 14 16 27 42 10 Jackpot 476591 1x 511 869.40
09 20 23 30 31 34 26 Jackpot 830477 3x 106 445.20
14.17 21 22 27:37 43 41x 4482776.50 Wyvbg.| 992558 3x 114750.20
06 08 15 19 27 43 45 Jackpot 650894 1x 946 107.40
14 30 32 39 4042 21 2x 491984020 Mp Mp | 258042) 5x 13152480
10 12 19 31 38 45 26 1x  779891.20 w | 033072 3x  84346.40
0111 1619 2945 33 1x 65596440 (§ Sbg.| 531469 = Jackpot | 1694 |
02 03 13 15 35 38 43 Jackpot 756871 1x 441 480.80
08 22 26 27 3039 45 3x 96773450 IRAW)| 069300 1x 331 461.20
02 25 26 27 2941 31 1x 617195.00 MNO | 027292 1x 175633.10
0113 3639 42 45 30 1x 71346640 (BNO | 871567 1x 240548.60
06 10 25 41 42 43 02 1x 1763080.10 w | 655781 1x 234135.70
06 16 18 22 35 38 33 1x 1884710.10 w

(c)www .6richtige.at

