LOTTO Gewinnzahlen 7z Lottosechser (Euro) Land
06 07 13 15 23.33 42 Jackpot 652316 5x 7149470
051319 25 40 41 08 2x 349293990 (yp | 732875 3x 214551.30
07 1012 22 34 43 13 4x  177897.00 Boe) 326579 93x 61774.50
02 07 12 25 40 42 27 Jackpot 934779 1x 251 445.40
12 14.16 24 3134 01 4x 572440.20 Boypupyp| 621200 2x 151981.40
08 13 28 32 3439 25 1x  997941.00 wW
17 18 29 38 40 44 02 1x 233956700 (NO | 292972 3x 293249.50
06 07 12 18 30 43 24 Jackpot 312770 1x 198015.70
0203 1315 3036 37 1x 221137470 9 stmk| 400705 = — Jackpot | 1137 |
17 19 27 31 40 45 24 Jackpot 129783 1x 908 866.80
0205 19 29 40 44 11 1x 716451140 Whvbg.| 879489 3x 196 439.60
0411 22 31 3440 27 2x 471967.20 a
rso 02032003 | 10 18 19 29 35.4 28 3x 73980770 OWDW| oo2ss6 1x 246 603.2
08 09.12 15 1932 28 1x  718530.20 w | 791595 1x 186780.20
06111315 16 26 35 2x 105311730 eR | 844096 1x 528 405.10
04.09 10 16 36 41 26 1x  692697.60 w | 992092 1x 180612.20
06 20 27 37 38 42 43 Jackpot 076253 1x 237 464.10
17 26 29 36 37 43° 44 «1x 203423750 (NO | 689559 1x 258277.70
03091617 3945 38 3x 29629650 (mh | 327888 = = Jackpot | 1153

(c)www .6richtige.at

