Datum —=s | LOTTOGewinnzahlen Zz _Lottosechser(OS) Zieh.
So 05.01.1997 | 03 08 08 25 26 35 34 3x 4936 159.00 533
So 12.01.1997 | 04 05 06 08 21 35 03 ix 14713 144.00 340

03 07 26 28 31 40 38 2x 7405059.00
02 07 32 39 42 43 08 3x 5076 055.00
04 08 20 28 37 39 13° «ix 14832217.00
01 05 10 20 26 45 27 3x 4901633.00

So 06.04.1997 | 07 12 25 27 28 30 05 Sx 7613 294.00

So 13.04.1997 | 17 22 23 40 41 42 ‘41 ix 15094827.00 553

14 15 19 26 33 45 38 3x 4909 950.00
05 19 22 25 41 45 03 2x 7 158321.00
03 28 34 35 39 40 29 «42x 7108 190.00

03 04 09 26 32 33 39 «2x 7444211.00
04 10 18 23 24 31 26 «4x 13201525.00
03 05 08 15 28 41 20 Jackpot 584

So 06.07.1997 | 02 04 10 13 25 44 17 2x 17594423.00 565

(c) www brichtige. at

