LOTTO Gewinnzahlen 7z Lottosechser (Euro) Land
12 13 27 32 33.39 «19 Jackpot 108229 2x 82904.90
07 111319 26 40 32 3x 537700.00 (iuy| 468771 1x 30224450
0416 35 36 39 45 42 1x 559 132.90 Ww
03.13.24 36 4145 O07 1x 71814130 MAT
[so 29.07.2007 [03 14 18 20 97 45 06 3x sa35t720 QB] 1080 2x 22633030 | 1605.
03 05 07 37 44 45 01 Jackpot 811449 1x 462991.60
09 10 17 31 3441 22 1x 432954920 (Mi Bgid| 785442 3x 135053.00
06 08 21 39 40 45 17 Jackpot 264344 4x  72870.00
03 19 24 28 35 36 23 Jackpot 244291 1x 254 114.80
04 05 26 31 35 36 23 Jackpot 032595 2x 190138.70
04 14 16 21 23 42 11 1x 6647 300.50 w | 081879 1x 476474.30
09 11 14.27 39 40 OF 1x 75195110 (l)00 | 080614 1x 25126200
02 06 22 27 36 42 OF 1x 1648561.40 w
04 06 15 27 38 43 10 1x  621826.80 w
05 07 1417 25 32 39 = 1x 76214670 (NO | 973498 2x 38601720 | 1621
08 31 37 39 41 44 23 1x 158311070 Kin. | 185266 4x 139956.20
04 09 11 19 32 38 15 Jackpot 136820 1x 168772.00

(c)www .6richtige.at

