LOTTO Gewinnzahlen 7z Lottosechser (Euro) Land
10 14 21 24 38 44 23 Jackpot 072547 1x 231923.60
19 21 27 37 39 42 36 1x 365229400 w
16 18 25 28 39 42 07 1x 2098428.40 w
07 09 10 11 17 25 45 1x 100000000 fg)00 | 230236 = Jackpot | 2073 |
05 16 17 21 23 28 07 1x 100000000 JOO | 303384 2x 985339.90
06 09 19 21 22 24 16 2x 97392540 [& & | 409339 1x 198512.00
0105 06 12 41 44 22 Jackpot 995354 1x 192129.00
011517 20 25 42 24 Jackpot 582955 3x  86018.80
05 17 27 37 41 43 16 Jackpot 425076 4x 67 123.80
04051319 3137 45 2x 377219130 OF 417028 3x 116 745.10
08 16 21 23 32 43 36 1x 1000000.00 Web
02 16 17 3335 45 01 1x 100000000 [Kin | 925939 = Jackpot | 2087 |
ri 14022012 [09 10 14 18 24 25 05 2x son0o000 EYE | 2535 Jackpot | 2000
04 13:21 24 32 45 10 Jackpot 623953 2x 384908.50
06 08 10 32 4445 29 2x 169319210 fg) be | 695143 2x 123541.90
09 19 20 21 23 44 25 1x 100000000 JOO | 915485 2x 7560840
41 12 24 26 37 43 39 1x 1000000.00 w | 747088 1x 19070430

(c)www .6richtige.at

